[{"scene_id": 0, "image_id": 0, "category_id": 2, "bbox": [368, 112, 52, 243], "score": 0.2975216805934906, "time": 0.0, "segmentation": {"counts": [188765, 5, 502, 11, 496, 17, 491, 21, 480, 32, 476, 36, 471, 41, 468, 44, 458, 54, 450, 62, 447, 65, 442, 70, 433, 79, 428, 80, 428, 80, 427, 80, 423, 81, 423, 86, 423, 84, 423, 82, 422, 80, 427, 80, 427, 80, 428, 80, 423, 81, 426, 82, 426, 80, 426, 82, 422, 80, 427, 80, 427, 80, 428, 80, 423, 82, 425, 84, 424, 80, 428, 80, 422, 79, 429, 79, 427, 80, 428, 80, 423, 81, 430, 76, 435, 72, 440, 67, 444, 58, 454, 54, 458, 50, 462, 45, 467, 36, 477, 29, 483, 25, 487, 20, 493, 9, 505, 3, 46473], "size": [512, 512]}, "R": [[0.13955029845237732, 0.338190495967865, -0.930673360824585], [-0.9845962524414062, -0.05258725583553314, -0.1667451560497284], [-0.10533307492733002, 0.9396071434020996, 0.3256426155567169]], "t": [1321.733154296875, -194.9185333251953, 4767.5078125]}, {"scene_id": 0, "image_id": 0, "category_id": 2, "bbox": [164, 172, 191, 148], "score": 0.5185691118240356, "time": 0.0, "segmentation": {"counts": [84281, 4, 507, 6, 505, 9, 502, 10, 500, 13, 499, 14, 498, 14, 497, 15, 496, 15, 496, 16, 495, 16, 496, 16, 495, 16, 495, 16, 495, 17, 494, 17, 495, 16, 495, 17, 494, 17, 494, 17, 494, 16, 496, 16, 495, 17, 495, 16, 494, 17, 495, 16, 495, 17, 495, 16, 495, 16, 495, 16, 495, 16, 496, 16, 495, 16, 495, 16, 495, 17, 495, 16, 494, 16, 496, 16, 495, 17, 495, 16, 494, 17, 494, 17, 495, 16, 496, 16, 494, 17, 495, 16, 495, 16, 495, 17, 494, 17, 494, 17, 495, 16, 495, 17, 494, 16, 496, 16, 495, 17, 494, 17, 494, 16, 495, 16, 496, 16, 495, 17, 494, 16, 495, 17, 495, 16, 495, 16, 496, 16, 495, 16, 495, 16, 496, 15, 495, 16, 496, 16, 496, 15, 496, 16, 494, 16, 495, 16, 496, 16, 495, 17, 494, 16, 495, 17, 494, 17, 495, 16, 496, 16, 496, 15, 497, 14, 498, 13, 499, 12, 501, 11, 501, 10, 503, 8, 506, 4, 508, 4, 509, 3, 2030, 3, 507, 6, 505, 9, 502, 10, 502, 10, 501, 11, 500, 13, 499, 13, 498, 14, 497, 15, 495, 16, 496, 16, 496, 15, 497, 14, 496, 15, 496, 15, 496, 16, 496, 16, 494, 17, 494, 17, 495, 17, 494, 17, 495, 16, 495, 17, 494, 17, 495, 16, 494, 16, 496, 16, 496, 16, 495, 16, 494, 16, 495, 17, 495, 16, 496, 16, 495, 16, 495, 16, 495, 16, 496, 16, 495, 16, 495, 16, 495, 16, 496, 16, 494, 16, 496, 16, 496, 16, 495, 16, 494, 16, 495, 16, 496, 16, 496, 16, 494, 16, 496, 15, 496, 16, 495, 16, 496, 15, 496, 15, 496, 16, 496, 15, 495, 16, 496, 16, 495, 16, 495, 16, 495, 16, 495, 16, 496, 16, 496, 16, 495, 15, 496, 15, 496, 16, 496, 15, 496, 15, 496, 15, 496, 16, 495, 16, 495, 16, 496, 16, 495, 16, 495, 16, 495, 15, 496, 16, 496, 16, 496, 15, 495, 15, 496, 16, 495, 16, 496, 16, 495, 16, 495, 16, 495, 16, 496, 15, 496, 16, 496, 15, 497, 14, 498, 14, 498, 12, 500, 12, 502, 9, 503, 8, 80202], "size": [512, 512]}, "R": [[-0.7947487235069275, 0.5572131276130676, 0.2405988872051239], [0.6044277548789978, 0.690593421459198, 0.397174209356308], [0.055154748260974884, 0.4610782861709595, -0.8856436014175415]], "t": [24.521236419677734, -81.55998992919922, 4965.84130859375]}, {"scene_id": 0, "image_id": 0, "category_id": 2, "bbox": [131, 162, 195, 138], "score": 0.5268757939338684, "time": 0.0, "segmentation": {"counts": [67238, 6, 504, 9, 502, 11, 501, 11, 500, 13, 499, 14, 498, 14, 499, 14, 498, 15, 498, 15, 497, 16, 497, 15, 497, 15, 499, 14, 499, 14, 498, 15, 497, 16, 497, 16, 497, 15, 498, 15, 498, 15, 497, 16, 496, 16, 497, 15, 498, 14, 499, 15, 497, 16, 497, 15, 497, 16, 497, 15, 498, 15, 498, 15, 497, 16, 497, 16, 497, 15, 497, 15, 498, 15, 498, 15, 498, 15, 497, 16, 497, 15, 498, 15, 498, 15, 497, 16, 497, 15, 497, 16, 497, 15, 498, 15, 498, 15, 498, 15, 497, 15, 497, 16, 497, 15, 498, 15, 497, 16, 497, 16, 497, 15, 497, 16, 497, 15, 498, 15, 498, 15, 498, 15, 497, 16, 497, 15, 498, 15, 498, 15, 498, 14, 498, 15, 497, 16, 498, 14, 498, 15, 498, 15, 497, 15, 498, 16, 496, 16, 497, 15, 498, 15, 498, 15, 498, 15, 497, 16, 497, 15, 498, 15, 498, 14, 498, 15, 498, 15, 497, 16, 497, 15, 497, 16, 497, 15, 498, 16, 497, 15, 497, 16, 496, 16, 498, 15, 498, 15, 497, 16, 497, 16, 496, 16, 497, 16, 496, 17, 496, 16, 497, 16, 497, 16, 496, 16, 496, 16, 498, 16, 496, 17, 496, 16, 497, 16, 496, 16, 497, 16, 496, 16, 497, 16, 497, 17, 496, 16, 496, 16, 497, 16, 497, 15, 498, 15, 497, 16, 497, 16, 497, 16, 496, 17, 496, 17, 496, 16, 497, 16, 496, 16, 496, 16, 497, 16, 497, 16, 497, 16, 497, 16, 496, 16, 496, 17, 496, 17, 496, 16, 497, 16, 497, 16, 496, 16, 496, 17, 496, 16, 497, 17, 496, 16, 497, 16, 496, 16, 497, 16, 496, 17, 496, 16, 497, 16, 497, 16, 496, 16, 497, 15, 497, 15, 499, 15, 497, 16, 497, 16, 496, 16, 497, 16, 497, 16, 496, 16, 497, 16, 497, 16, 496, 16, 497, 16, 496, 16, 498, 16, 496, 17, 496, 16, 496, 16, 497, 16, 497, 16, 497, 16, 496, 16, 497, 16, 497, 15, 497, 16, 497, 16, 497, 16, 497, 16, 496, 16, 496, 16, 498, 16, 496, 16, 497, 16, 497, 15, 497, 16, 497, 15, 497, 16, 497, 15, 498, 15, 498, 13, 499, 13, 499, 12, 502, 8, 504, 6, 507, 5, 508, 2, 94426], "size": [512, 512]}, "R": [[0.8122929334640503, -0.4480017423629761, -0.3734634220600128], [0.560926079750061, 0.42459404468536377, 0.7106910943984985], [-0.1598205715417862, -0.7867746949195862, 0.5961904525756836]], "t": [-300.2572937011719, -259.5479736328125, 4896.28515625]}, {"scene_id": 0, "image_id": 0, "category_id": 2, "bbox": [108, 312, 199, 141], "score": 0.509194016456604, "time": 0.0, "segmentation": {"counts": [55616, 6, 504, 9, 502, 10, 501, 12, 499, 13, 499, 14, 497, 16, 496, 16, 495, 19, 493, 19, 492, 20, 492, 21, 492, 22, 491, 21, 491, 22, 491, 21, 492, 21, 491, 22, 490, 23, 489, 24, 490, 22, 490, 23, 490, 22, 490, 23, 490, 23, 489, 24, 489, 23, 489, 23, 491, 22, 490, 23, 490, 22, 490, 23, 489, 24, 489, 23, 490, 22, 490, 23, 491, 23, 489, 23, 489, 24, 488, 24, 490, 23, 490, 23, 489, 23, 490, 23, 489, 24, 489, 23, 489, 24, 489, 24, 489, 24, 488, 25, 488, 24, 488, 24, 488, 25, 488, 25, 488, 25, 488, 24, 489, 24, 488, 24, 489, 24, 489, 24, 489, 24, 489, 24, 488, 24, 488, 24, 489, 24, 489, 24, 488, 25, 488, 24, 489, 24, 488, 24, 488, 25, 487, 26, 488, 25, 487, 26, 487, 25, 487, 25, 488, 25, 487, 26, 487, 26, 486, 27, 487, 25, 488, 24, 488, 25, 487, 26, 488, 25, 488, 25, 488, 24, 488, 24, 489, 25, 488, 24, 488, 25, 488, 25, 488, 24, 488, 25, 488, 24, 489, 24, 489, 25, 488, 24, 488, 24, 488, 24, 489, 25, 488, 25, 488, 24, 488, 25, 488, 24, 488, 25, 488, 24, 488, 25, 489, 25, 487, 25, 488, 24, 488, 25, 487, 26, 487, 26, 487, 25, 487, 26, 488, 24, 488, 25, 487, 25, 488, 25, 489, 24, 488, 25, 488, 24, 488, 24, 488, 26, 487, 25, 487, 26, 487, 25, 489, 24, 488, 24, 488, 25, 488, 25, 490, 23, 489, 24, 488, 24, 488, 24, 490, 23, 490, 23, 490, 23, 489, 23, 490, 23, 490, 22, 491, 22, 490, 22, 491, 23, 490, 23, 490, 22, 490, 22, 492, 22, 490, 23, 489, 23, 490, 23, 491, 21, 491, 22, 491, 21, 491, 22, 491, 22, 490, 23, 490, 22, 491, 21, 492, 21, 491, 22, 490, 23, 489, 23, 491, 22, 491, 21, 492, 21, 491, 21, 492, 22, 491, 21, 492, 21, 491, 21, 492, 21, 492, 21, 492, 21, 491, 21, 492, 21, 492, 20, 492, 20, 492, 21, 493, 21, 492, 20, 493, 20, 492, 20, 493, 20, 494, 19, 494, 18, 494, 19, 494, 19, 493, 19, 493, 19, 494, 19, 496, 17, 495, 17, 496, 17, 496, 16, 497, 13, 500, 11, 502, 10, 503, 7, 104510], "size": [512, 512]}, "R": [[-0.8321701884269714, -0.1876831203699112, -0.5217922925949097], [-0.5538994669914246, 0.3258233368396759, 0.7661817073822021], [0.026212718337774277, 0.9266147613525391, -0.3750979006290436]], "t": [-485.6626892089844, 1267.8724365234375, 4969.3994140625]}]