[{"scene_id": 0, "image_id": 0, "category_id": 1, "bbox": [156, 46, 59, 50], "score": 0.06340350955724716, "time": 0.0, "segmentation": {"counts": [74949, 5, 471, 12, 466, 16, 462, 20, 459, 22, 457, 24, 454, 28, 451, 30, 449, 32, 447, 34, 446, 34, 445, 36, 443, 38, 441, 40, 440, 40, 439, 42, 438, 42, 437, 44, 436, 44, 435, 46, 434, 46, 433, 48, 432, 48, 432, 48, 432, 49, 430, 50, 430, 50, 430, 50, 430, 51, 429, 51, 429, 51, 429, 51, 429, 51, 429, 51, 429, 51, 429, 50, 430, 50, 430, 50, 430, 50, 430, 50, 430, 49, 431, 49, 431, 49, 431, 48, 432, 48, 433, 46, 434, 45, 435, 45, 436, 43, 438, 41, 439, 40, 441, 38, 442, 37, 444, 35, 446, 33, 448, 30, 451, 27, 455, 23, 458, 18, 465, 12, 203928], "size": [480, 640]}, "R": [[-0.4000442624092102, -0.4867199659347534, 0.7765747308731079], [-0.6041662096977234, 0.7772051692008972, 0.1758859008550644], [-0.6891646981239319, -0.39881807565689087, -0.6049763560295105]], "t": [-249.22987365722656, -354.2724914550781, 1180.1656494140625]}, {"scene_id": 0, "image_id": 0, "category_id": 1, "bbox": [337, 302, 57, 44], "score": 0.08807813376188278, "time": 0.0, "segmentation": {"counts": [162081, 10, 467, 15, 458, 24, 454, 27, 452, 29, 451, 30, 449, 32, 448, 32, 448, 33, 447, 34, 446, 34, 446, 35, 446, 35, 445, 35, 444, 37, 443, 37, 442, 39, 440, 40, 439, 42, 438, 42, 437, 43, 437, 43, 437, 44, 436, 44, 436, 44, 436, 44, 435, 45, 436, 44, 436, 44, 436, 44, 436, 44, 437, 43, 437, 43, 438, 42, 438, 41, 439, 41, 440, 40, 440, 40, 441, 39, 441, 39, 443, 36, 445, 35, 446, 34, 447, 32, 450, 30, 450, 30, 451, 28, 452, 28, 453, 26, 454, 26, 454, 25, 456, 23, 457, 22, 458, 21, 460, 18, 462, 17, 464, 15, 466, 11, 117749], "size": [480, 640]}, "R": [[0.021769285202026367, 0.1602410525083542, 0.9868379831314087], [-0.9782975912094116, -0.20002928376197815, 0.05406102538108826], [0.20605941116809845, -0.9665977954864502, 0.15240922570228577]], "t": [112.29817199707031, 137.51971435546875, 1038.853515625]}, {"scene_id": 0, "image_id": 0, "category_id": 1, "bbox": [187, 385, 25, 26], "score": 0.012204032391309738, "time": 0.0, "segmentation": {"counts": [90155, 10, 468, 13, 467, 14, 465, 15, 465, 15, 465, 18, 458, 24, 455, 25, 454, 26, 454, 26, 454, 26, 454, 26, 454, 26, 454, 26, 454, 26, 453, 27, 453, 26, 454, 26, 454, 26, 454, 26, 454, 26, 454, 26, 454, 26, 454, 25, 455, 25, 456, 23, 205031], "size": [480, 640]}, "R": [[0.7864247560501099, -0.2622377574443817, -0.5592567324638367], [0.4096764326095581, -0.45616915822029114, 0.7899839878082275], [-0.46227917075157166, -0.8503773212432861, -0.2513097822666168]], "t": [-222.93283081054688, 226.51043701171875, 918.7643432617188]}, {"scene_id": 0, "image_id": 0, "category_id": 1, "bbox": [122, 119, 44, 55], "score": 0.040657151490449905, "time": 0.0, "segmentation": {"counts": [58697, 5, 472, 11, 466, 16, 462, 19, 460, 21, 458, 23, 456, 25, 454, 26, 453, 28, 451, 29, 451, 30, 449, 32, 448, 33, 447, 33, 446, 35, 445, 36, 444, 37, 442, 38, 442, 39, 441, 40, 440, 41, 438, 43, 437, 45, 435, 46, 434, 49, 431, 52, 428, 54, 427, 54, 426, 54, 426, 54, 426, 55, 426, 54, 426, 53, 428, 52, 428, 52, 429, 51, 429, 51, 430, 49, 432, 48, 432, 47, 435, 45, 437, 42, 441, 38, 446, 33, 452, 26, 227353], "size": [480, 640]}, "R": [[-0.712121307849884, -0.6662481427192688, -0.22135190665721893], [0.4132363498210907, -0.14289462566375732, -0.8993427753448486], [0.56755530834198, -0.7319114208221436, 0.37707632780075073]], "t": [-386.2939453125, -248.0972137451172, 1231.3095703125]}, {"scene_id": 0, "image_id": 0, "category_id": 1, "bbox": [376, 227, 59, 89], "score": 0.6973217725753784, "time": 0.0, "segmentation": {"counts": [180758, 16, 451, 31, 440, 42, 3, 8, 423, 58, 417, 64, 412, 69, 408, 73, 405, 76, 402, 79, 400, 80, 399, 81, 399, 82, 397, 83, 396, 84, 396, 84, 396, 84, 395, 86, 394, 86, 393, 87, 393, 86, 394, 86, 394, 85, 395, 84, 396, 84, 396, 82, 398, 81, 399, 81, 399, 80, 400, 80, 400, 80, 400, 80, 401, 79, 401, 79, 401, 79, 401, 79, 402, 77, 402, 78, 402, 78, 401, 79, 399, 80, 399, 81, 399, 80, 400, 79, 401, 79, 401, 78, 402, 77, 404, 5, 1, 70, 411, 67, 415, 64, 416, 63, 418, 61, 420, 58, 423, 55, 426, 51, 430, 45, 436, 36, 446, 31, 450, 28, 457, 20, 467, 11, 98131], "size": [480, 640]}, "R": [[0.9513531923294067, 0.3043484687805176, -0.04794279485940933], [0.2451063096523285, -0.8419016003608704, -0.4807545244693756], [-0.18667998909950256, 0.44561633467674255, -0.8755438327789307]], "t": [135.64923095703125, 45.06422805786133, 970.8124389648438]}, {"scene_id": 0, "image_id": 0, "category_id": 1, "bbox": [345, 128, 56, 61], "score": 0.2980494499206543, "time": 0.0, "segmentation": {"counts": [165739, 6, 473, 9, 469, 13, 466, 16, 462, 20, 459, 23, 456, 25, 455, 27, 452, 30, 450, 31, 448, 34, 446, 35, 445, 37, 443, 38, 441, 40, 440, 42, 438, 43, 437, 45, 435, 46, 434, 48, 432, 49, 431, 52, 428, 53, 427, 55, 425, 57, 424, 57, 424, 57, 425, 56, 425, 56, 425, 56, 425, 55, 426, 54, 426, 48, 433, 44, 437, 41, 439, 40, 441, 38, 443, 36, 445, 34, 448, 31, 451, 28, 453, 26, 456, 24, 457, 22, 460, 20, 461, 19, 462, 17, 464, 15, 466, 14, 467, 13, 468, 11, 470, 10, 470, 10, 471, 9, 472, 8, 473, 7, 475, 5, 114552], "size": [480, 640]}, "R": [[-0.7494077086448669, 0.5111127495765686, 0.42089444398880005], [0.6107330918312073, 0.2880958020687103, 0.7375677227973938], [0.2557224631309509, 0.8097927570343018, -0.5280547142028809]], "t": [101.2750244140625, -121.71138000488281, 992.9931640625]}, {"scene_id": 0, "image_id": 0, "category_id": 1, "bbox": [376, 183, 59, 133], "score": 0.5567237734794617, "time": 0.0, "segmentation": {"counts": [180758, 16, 451, 30, 9, 3, 428, 42, 3, 10, 422, 59, 415, 66, 410, 71, 407, 74, 404, 76, 402, 79, 400, 80, 399, 59, 1, 22, 398, 82, 397, 83, 396, 85, 394, 86, 394, 86, 394, 86, 394, 86, 393, 87, 393, 87, 393, 86, 394, 85, 395, 85, 395, 84, 396, 83, 397, 82, 398, 81, 399, 77, 403, 77, 403, 79, 401, 80, 401, 79, 401, 79, 401, 79, 353, 7, 41, 78, 354, 7, 41, 78, 358, 3, 41, 78, 402, 78, 401, 78, 370, 1, 30, 79, 369, 3, 28, 80, 399, 80, 400, 79, 401, 79, 401, 78, 402, 78, 403, 76, 406, 2, 3, 68, 414, 65, 415, 63, 418, 61, 420, 59, 422, 55, 425, 53, 429, 47, 434, 37, 445, 31, 451, 26, 458, 20, 467, 11, 98131], "size": [480, 640]}, "R": [[0.9516932964324951, 0.3037760853767395, -0.044725820422172546], [0.24643898010253906, -0.8425723910331726, -0.4788946807384491], [-0.18316146731376648, 0.4447389245033264, -0.8767322897911072]], "t": [135.88990783691406, 44.94320297241211, 970.9352416992188]}]